LVperfect <-
structure(c(50, 145, 265, 64, 35, 52, 201, 305, 26, 19, 90, 334, 
61, 15, 24, 145, 100, 93, 248, 341, 166, 79, 54, 331, 364, 129, 
50, 137, 508, 194, 65, 40), .Dim = c(16L, 2L), .Dimnames = list(
    NULL, c("x1", "x2")), .Tsp = c(0, 30, 0.5), class = c("mts", 
"ts"))
LVprey <-
structure(c(50, 145, 265, 64, 35, 52, 201, 305, 26, 19, 90, 334, 
61, 15, 24, 145), .Tsp = c(0, 30, 0.5), class = "ts")
LVnoise10Scale10 <-
structure(c(3.4199032534793, 15.6547568941737, 26.7772669658873, 
8.6402852932332, 4.64792094827100, 5.52412109069543, 19.8353811646172, 
30.5981652716749, 3.16789787772409, 2.91305922394136, 8.92793372642236, 
31.3281169929944, 8.69944551681425, 2.84976295031012, 3.61993995857672, 
13.6514676279541, 9.81194480747229, 8.65256302022431, 26.0944330049331, 
34.5203180457235, 14.6857393927182, 6.85168431029125, 5.30840402993361, 
33.74726773742, 35.9752073249600, 11.6882601925804, 3.50289246795439, 
12.9039952809251, 50.3421029956812, 19.1077112009023, 6.45456955919608, 
4.08938089020753), .Tsp = c(0, 30, 0.5), class = c("mts", "ts"
), .Dim = c(16L, 2L), .Dimnames = list(NULL, c("x1", "x2")))
LVpreyNoise10 <-
structure(c(34.199032534793, 156.547568941737, 267.772669658873, 
86.402852932332, 46.4792094827100, 55.2412109069543, 198.353811646172, 
305.981652716749, 31.6789787772409, 29.1305922394136, 89.2793372642236, 
313.281169929944, 86.9944551681425, 28.4976295031012, 36.1993995857672, 
136.514676279541), .Tsp = c(0, 30, 0.5), class = "ts")
LVpreyNoise10Scale10 <-
structure(c(3.4199032534793, 15.6547568941737, 26.7772669658873, 
8.6402852932332, 4.64792094827100, 5.52412109069543, 19.8353811646172, 
30.5981652716749, 3.16789787772409, 2.91305922394136, 8.92793372642236, 
31.3281169929944, 8.69944551681425, 2.84976295031012, 3.61993995857672, 
13.6514676279541), .Tsp = c(0, 30, 0.5), class = "ts")
LVnoise10 <-
structure(c(34.199032534793, 156.547568941737, 267.772669658873, 
86.402852932332, 46.4792094827100, 55.2412109069543, 198.353811646172, 
305.981652716749, 31.6789787772409, 29.1305922394136, 89.2793372642236, 
313.281169929944, 86.9944551681425, 28.4976295031012, 36.1993995857672, 
136.514676279541, 98.1194480747229, 86.5256302022431, 260.944330049331, 
345.203180457235, 146.857393927182, 68.5168431029125, 53.0840402993361, 
337.4726773742, 359.752073249600, 116.882601925804, 35.0289246795439, 
129.039952809251, 503.421029956812, 191.077112009023, 64.5456955919608, 
40.8938089020753), .Tsp = c(0, 30, 0.5), class = c("mts", "ts"
), .Dim = c(16L, 2L), .Dimnames = list(NULL, c("x1", "x2")))
LVnoise30 <-
structure(c(28.0199191868066, 115.810744167853, 230.203996080279, 
14.5525023921211, 94.6304801432765, 90.6343978770945, 188.988761803711, 
298.419412757290, 75.2622065126763, 14.4820147553843, 95.9673772891092, 
350.914867542149, 111.355640525338, 17.5493545472089, 48.8405999600324, 
167.727122141392, 79.1631931730861, 78.494113997651, 266.573822455815, 
339.997064567255, 89.9379513691401, 117.616956375294, 34.4071692574723, 
351.824631272340, 422.139299286783, 114.122939214361, 75.1024011421432, 
199.169123130962, 479.525815265376, 196.140831777266, 6.92306944211413, 
26.7824626435062), .Tsp = c(0, 30, 0.5), class = c("mts", "ts"
), .Dim = c(16L, 2L), .Dimnames = list(NULL, c("x1", "x2")))
LVnoise3010 <-
structure(c(28.0199191868066, 115.810744167853, 230.203996080279, 
14.5525023921211, 94.6304801432765, 90.6343978770945, 188.988761803711, 
298.419412757290, 75.2622065126763, 14.4820147553843, 95.9673772891092, 
350.914867542149, 111.355640525338, 17.5493545472089, 48.8405999600324, 
167.727122141392, 98.1194480747229, 86.5256302022431, 260.944330049331, 
345.203180457235, 146.857393927182, 68.5168431029125, 53.0840402993361, 
337.4726773742, 359.752073249600, 116.882601925804, 35.0289246795439, 
129.039952809251, 503.421029956812, 191.077112009023, 64.5456955919608, 
40.8938089020753), .Tsp = c(0, 30, 0.5), class = c("mts", "ts"
), .Dim = c(16L, 2L), .Dimnames = list(NULL, c("x1", "x2")))
LVirregular <-
structure(c(50, 145, 265, 52, 90, 145, 100, 93, 248, 79, 50, 
40), .Dim = c(6L, 2L), .Dimnames = list(c("0", "2", "4", "10", 
"20", "30"), c("x1", "x2")))
LVirregularNoise10 <-
structure(c(34.199032534793, 156.547568941737, 267.772669658873, 
55.2412109069543, 89.2793372642236, 136.514676279541, 98.1194480747229, 
86.5256302022431, 260.944330049331, 68.5168431029125, 35.0289246795439, 
40.8938089020753), .Dim = c(6L, 2L), .Dimnames = list(c("0", 
"2", "4", "10", "20", "30"), c("x1", "x2")))
